0.19959086855831
0.74200898861859
0.61788202462069
0.50327619481177
1.5509114324126
1.3902313478753
0.48936203480403
0.040405060176455
0.54239109022044
0.54564322570873
-0.079948236592861
0.69839827166011
0.62433400280996
0.79735113786086
0.85641085366884
0.48515610573607
0.59264987477703
0.33482236142211
0.73133668118731
1.3849840577369
0.7870332105718
0.47263997250001
0.0095252885700928
-0.53422595629059
1.0175244826916
1.4366249089929
-0.59004224899479
0.92756708220063
0.70145737461203
0.71138967112435
-0.18918454918997
-0.14375352883853
0.7862930033334
0.93197150084939
0.53659378281802
0.72447222503449
1.3720878172357
-0.61248791932203
-0.2223768544423
-0.31145290874638
-0.27079970276626
-0.470803900978
0.40383507769556
-0.51770171562242
-0.060292293110882
-0.026601612461299
0.61104766052183
0.040422667731108
-0.42505598554993
0.0071521786433474
-0.84478381101571
-0.59641898890099
-1.1441797487234
-0.16171565420093
-0.60377211970711
-0.14965274820376
-0.36949298912223
-0.56399377116309
-0.29639520851673
-1.2272142774369
-1.3019133006767
-1.8729905979923
-0.36190313351869
-0.064278721361196
-0.17757012619445
-1.1492534963558
-1.7900217342319
-1.2535300059651
-0.55678754800557
-0.3833730475936
-0.0012427588681841
-0.25421925137968
-1.0023533435773
-0.66704723935645
